filename 0 1 2 3 4 5 6 7 8 9 10 11 12 13 14 15 16 17 18 19 20 21 22 23 24 25 26 27 28 29 30 30
Components.bmp (0,(528,436)) (1,(1280,444)) (2,(1988,436)) (3,(488,1436)) (4,(1284,1440)) (5,(1980,1440))
Image__2021-01-04__12-25-25.bmp (2,(628,668)) (2,(1216,468)) (2,(1988,440)) (2,(1836,1208)) (2,(1188,1492))
Image__2021-01-04__12-25-39.bmp (2,(692,1612)) (2,(912,968)) (2,(1192,512)) (2,(1824,784)) (2,(1796,1720))
Image__2021-01-04__12-26-13.bmp (5,(740,1500)) (5,(700,724)) (5,(1476,580)) (5,(1436,1264)) (5,(2068,936))
Image__2021-01-04__12-26-26.bmp (5,(624,1388)) (5,(964,640)) (5,(1172,1724)) (5,(1592,796)) (5,(2156,1504))
Image__2021-01-04__12-26-48.bmp (1,(980,1688)) (1,(912,812)) (1,(1352,396)) (1,(1532,1340)) (1,(2032,1044))
Image__2021-01-04__12-26-58.bmp (1,(492,1468)) (1,(704,476)) (1,(1244,1768)) (1,(1568,1256)) (1,(1692,368))
Image__2021-01-04__12-27-21.bmp (4,(644,1396)) (4,(720,608)) (4,(1388,528)) (4,(1500,1476)) (4,(1980,880))
Image__2021-01-04__12-27-30.bmp (4,(368,736)) (4,(720,1208)) (4,(1492,1800)) (4,(1916,1084)) (4,(1364,604))
Image__2021-01-04__12-27-55.bmp (3,(592,1644)) (3,(948,560)) (3,(1588,1596)) (3,(1900,426)) (3,(2080,1060))
Image__2021-01-04__12-28-05.bmp (3,(864,1380)) (3,(828,720)) (3,(1256,324)) (3,(1780,800)) (3,(1692,1376))
Image__2021-01-04__12-28-24.bmp (0,(1144,1516)) (0,(788,728)) (0,(1268,340)) (0,(1900,600)) (0,(1840,1308))
Image__2021-01-04__12-28-37.bmp (0,(848,1632)) (0,(332,832)) (0,(840,352)) (0,(1456,804)) (0,(1904,1506))
Image__2021-01-04__12-29-14.bmp (0,(220,1416)) (3,(712,1768)) (0,(1000,1496)) (3,(1184,1036)) (0,(768,616)) (3,(828,232)) (0,(1396,376)) (3,(2080,552)) (0,(1792,1068)) (3,(1828,1704))
Image__2021-01-04__12-29-36.bmp (3,(616,1568)) (0,(620,880)) (3,(628,436)) (0,(1176,1884)) (0,(1176,1448)) (0,(1156,868)) (3,(1428,372)) (3,(1784,1580)) (3,(1764,1092)) (0,(2200,844))
Image__2021-01-04__12-30-29.bmp (1,(676,1608)) (4,(892,1048)) (1,(672,636)) (1,(1124,148)) (4,(1148,1892)) (4,(1508,504)) (1,(1664,1260)) (4,(1752,1724)) (4,(1976,1052)) (1,(1948,376))
Image__2021-01-04__12-30-50.bmp (4,(924,1648)) (1,(704,1320)) (1,(1124,996)) (4,(652,680)) (1,(1012,260)) (4,(1408,552)) (4,(1560,1372)) (1,(1876,1700)) (4,(2104,856)) (1,(1776,272))
Image__2021-01-04__12-31-50.bmp (5,(540,1560)) (2,(400,956)) (5,(804,400)) (2,(976,1084)) (2,(1484,1704)) (2,(1596,1028)) (5,(1632,576)) (2,(1200,412)) (5,(2068,1120)) (5,(1084,1672))
Image__2021-01-04__12-32-12.bmp (5,(412,1508)) (5,(456,708)) (2,(796,692)) (5,(1156,1440)) (2,(1456,1848)) (5,(1600,1340)) (5,(1596,804)) (2,(1260,616)) (2,(1596,344)) (2,(2128,1148))
Image__2021-01-04__12-33-16.bmp (1,(652,1696)) (2,(652,1244)) (0,(712,824)) (1,(664,408)) (0,(1040,396)) (2,(1148,1548)) (1,(1412,952)) (2,(1540,244)) (0,(1576,1796)) (2,(1932,1492)) (0,(2072,968)) (1,(1952,600))
Image__2021-01-04__12-33-52.bmp (2,(812,1820)) (2,(548,1224)) (1,(544,448)) (0,(1052,512)) (1,(980,1320)) (2,(1464,1504)) (1,(1476,868)) (0,(1596,252)) (0,(1716,1840)) (0,(2048,1416)) (1,(2048,956)) (2,(2204,632))
Image__2021-01-04__12-34-51.bmp (4,(448,1140)) (3,(632,260)) (3,(1024,1840)) (5,(824,1424)) (5,(1024,680)) (4,(1544,312)) (5,(1448,856)) (4,(1280,1236)) (5,(1528,1736)) (4,(2044,1524)) (3,(1748,1188)) (3,(2076,712))
Image__2021-01-04__12-35-26.bmp (3,(760,1560)) (5,(784,1104)) (4,(372,848)) (3,(576,300)) (4,(1228,296)) (3,(1336,792)) (4,(1700,992)) (5,(1424,1356)) (5,(1200,1840)) (4,(2012,1592)) (3,(2144,944)) (5,(1864,296))
Image__2021-01-04__12-37-08.bmp (1,(508,1336)) (2,(256,960)) (5,(496,400)) (4,(956,1816)) (5,(1008,1064)) (0,(1048,496)) (0,(1456,1516)) (3,(1628,1108)) (4,(1416,304)) (3,(1780,1680)) (2,(2128,1112)) (1,(1868,468))
Image__2021-01-04__12-37-48.bmp (0,(464,1252)) (1,(260,696)) (4,(712,1604)) (5,(852,784)) (5,(880,264)) (2,(1216,1648)) (3,(1348,904)) (2,(1380,208)) (0,(1704,1720)) (3,(1760,1280)) (4,(2120,920)) (1,(1780,496))
Image__2021-01-04__12-40-05.bmp (4,(428,1516)) (0,(408,968)) (1,(452,376)) (5,(1012,312)) (3,(1416,256)) (5,(1832,556)) (2,(2136,1064)) (4,(1952,1564)) (1,(1396,1848)) (2,(856,1808)) (3,(1132,932)) (0,(1560,1228))
Image__2021-01-04__12-40-28.bmp (2,(800,1752)) (4,(464,1168)) (3,(460,560)) (1,(1100,380)) (3,(1544,220)) (5,(2028,620)) (5,(2200,1148)) (1,(1896,1680)) (4,(1352,1836)) (2,(1588,1168)) (0,(1144,1004)) (0,(736,1052))
Image__2021-01-04__12-41-11.bmp (2,(868,1600)) (2,(624,1280)) (4,(372,892)) (3,(700,452)) (0,(1284,328)) (3,(1904,500)) (1,(2076,956)) (4,(1980,1476)) (5,(1484,1236)) (5,(1268,1564)) (1,(1356,848)) (0,(896,864))
Image__2021-01-04__12-41-45.bmp (5,(1232,1616)) (2,(944,1448)) (2,(956,1156)) (4,(764,956)) (0,(1024,920)) (3,(1112,760)) (0,(1376,724)) (3,(1500,1080)) (1,(1664,1180)) (4,(1468,1408)) (5,(1204,1296)) (1,(1304,1048))
Image__2021-01-04__12-42-37.bmp (0,(1268,1372)) (1,(1144,1188)) (2,(876,1108)) (4,(712,844)) (0,(768,604)) (2,(972,504)) (4,(1232,604)) (3,(1532,768)) (5,(1608,1156)) (3,(1276,1048)) (1,(1352,860)) (5,(1040,824))
Image__2021-01-04__13-01-37.bmp (4,(500,1508)) (2,(664,1256)) (3,(488,1052)) (4,(216,924)) (1,(380,544)) (4,(684,640)) (0,(700,448)) (5,(712,280)) (2,(1012,272)) (5,(984,572)) (4,(1276,400)) (0,(1548,376)) (2,(1744,224)) (1,(1952,480)) (3,(1724,556)) (1,(1556,696)) (1,(1160,792)) (0,(1916,840)) (4,(1792,1112)) (2,(2012,1276)) (5,(1636,1344)) (0,(1960,1488)) (5,(1760,1676)) (3,(1552,1596)) (3,(1316,1548)) (5,(1068,1536)) (1,(1036,1248)) (0,(1364,1144)) (3,(1136,1016)) (2,(820,992))
Image__2021-01-04__13-02-30.bmp (5,(648,1716)) (4,(416,1516)) (2,(692,1348)) (3,(352,1312)) (1,(628,1068)) (2,(388,936)) (3,(228,744)) (4,(536,604)) (1,(748,772)) (1,(796,356)) (0,(1120,500)) (4,(1348,660)) (5,(1148,940)) (5,(948,1164)) (3,(988,1592)) (2,(1180,1900)) (0,(1260,1700)) (4,(1196,1456)) (1,(1456,1536)) (0,(1220,1256)) (0,(1420,1152)) (0,(1748,1280)) (3,(1756,1608)) (5,(1436,376)) (1,(1672,680)) (3,(1512,924)) (2,(1804,392)) (4,(1940,644)) (5,(2180,804)) (2,(2124,1252))
Image__2021-01-04__13-03-29.bmp (2,(520,1688)) (3,(724,1496)) (4,(448,1300)) (2,(716,1160)) (3,(396,1096)) (5,(484,784)) (4,(360,528)) (1,(668,328)) (3,(772,768)) (0,(940,1360)) (5,(1036,1016)) (4,(1080,648)) (1,(1036,244)) (2,(1308,248)) (3,(996,1600)) (1,(1108,1784)) (5,(1268,1520)) (3,(1464,1556)) (2,(1260,1224)) (0,(1540,1004)) (0,(1384,832)) (0,(1612,684)) (1,(1496,484)) (4,(1760,344)) (1,(1980,664)) (0,(2120,560)) (5,(2024,1028)) (5,(1808,1256)) (4,(2064,1400)) (2,(1684,1652))
Image__2021-01-04__13-05-06.bmp (1,(864,1868)) (3,(644,1692)) (2,(576,1412)) (3,(248,1348)) (3,(240,832)) (5,(576,992)) (1,(324,504)) (2,(648,240)) (4,(788,492)) (3,(864,812)) (4,(836,1072)) (4,(892,1332)) (2,(1112,1500)) (3,(1240,1728)) (0,(1092,1104)) (4,(1020,668)) (1,(1164,212)) (1,(1528,216)) (0,(1448,408)) (0,(1256,740)) (5,(1464,820)) (5,(1424,1144)) (4,(1540,1460)) (5,(1880,1496)) (5,(2164,1408)) (2,(1776,1152)) (2,(2088,1052)) (0,(1824,888)) (0,(1788,568)) (1,(2072,552))
Image__2021-01-04__13-07-45.bmp (5,(328,1204)) (3,(880,1092)) (4,(772,512)) (1,(1240,1612)) (2,(1676,1076)) (0,(1596,392))
Image__2021-01-04__13-07-55.bmp (1,(628,1596)) (3,(612,856)) (5,(1056,388)) (4,(1716,756)) (0,(1852,1236)) (2,(1376,1680))
Image__2021-01-04__13-08-14.bmp (3,(744,1368)) (1,(972,804)) (4,(1032,248)) (5,(1540,736)) (0,(1936,1116)) (2,(1344,1540))
Image__2021-01-04__13-08-52.bmp (3,(680,1508)) (5,(716,656)) (1,(1268,960)) (4,(1488,448)) (2,(1960,928)) (0,(1648,1420))
Image__2021-01-04__13-09-25.bmp (5,(856,488)) (2,(1640,532)) (1,(1268,956)) (3,(948,1436)) (4,(1236,1604)) (0,(1492,1464))
Image__2021-01-04__13-09-48.bmp (3,(544,1216)) (0,(756,396)) (5,(1504,348)) (4,(1952,820)) (2,(1824,1548)) (1,(1172,1496))